 frequency       Tmag            Tphase         
 1.00000000e+00  6.20974176e+01 -1.06123508e-01 
 1.12201845e+00  6.20974138e+01 -1.19072499e-01 
 1.25892541e+00  6.20974089e+01 -1.33601491e-01 
 1.41253754e+00  6.20974028e+01 -1.49903268e-01 
 1.58489319e+00  6.20973951e+01 -1.68194134e-01 
 1.77827941e+00  6.20973854e+01 -1.88716782e-01 
 1.99526231e+00  6.20973732e+01 -2.11743514e-01 
 2.23872114e+00  6.20973579e+01 -2.37579850e-01 
 2.51188643e+00  6.20973385e+01 -2.66568581e-01 
 2.81838293e+00  6.20973142e+01 -2.99094308e-01 
 3.16227766e+00  6.20972836e+01 -3.35588544e-01 
 3.54813389e+00  6.20972450e+01 -3.76535424e-01 
 3.98107171e+00  6.20971964e+01 -4.22478120e-01 
 4.46683592e+00  6.20971353e+01 -4.74026023e-01 
 5.01187234e+00  6.20970583e+01 -5.31862804e-01 
 5.62341325e+00  6.20969614e+01 -5.96755443e-01 
 6.30957344e+00  6.20968395e+01 -6.69564352e-01 
 7.07945784e+00  6.20966859e+01 -7.51254705e-01 
 7.94328235e+00  6.20964926e+01 -8.42909137e-01 
 8.91250938e+00  6.20962493e+01 -9.45741943e-01 
 1.00000000e+01  6.20959429e+01 -1.06111496e+00 
 1.12201845e+01  6.20955573e+01 -1.19055533e+00 
 1.25892541e+01  6.20950719e+01 -1.33577528e+00 
 1.41253754e+01  6.20944609e+01 -1.49869423e+00 
 1.58489319e+01  6.20936918e+01 -1.68146331e+00 
 1.77827941e+01  6.20927237e+01 -1.88649268e+00 
 1.99526231e+01  6.20915053e+01 -2.11648163e+00 
 2.23872114e+01  6.20899719e+01 -2.37445193e+00 
 2.51188643e+01  6.20880423e+01 -2.66378423e+00 
 2.81838293e+01  6.20856142e+01 -2.98825795e+00 
 3.16227766e+01  6.20825594e+01 -3.35209421e+00 
 3.54813389e+01  6.20787166e+01 -3.76000186e+00 
 3.98107171e+01  6.20738837e+01 -4.21722586e+00 
 4.46683592e+01  6.20678070e+01 -4.72959708e+00 
 5.01187234e+01  6.20601691e+01 -5.30358200e+00 
 5.62341325e+01  6.20505725e+01 -5.94632983e+00 
 6.30957344e+01  6.20385212e+01 -6.66571345e+00 
 7.07945784e+01  6.20233969e+01 -7.47035908e+00 
 7.94328235e+01  6.20044311e+01 -8.36965731e+00 
 8.91250938e+01  6.19806718e+01 -9.37374564e+00 
 1.00000000e+02  6.19509442e+01 -1.04934491e+01 
 1.12201845e+02  6.19138065e+01 -1.17401621e+01 
 1.25892541e+02  6.18674999e+01 -1.31256488e+01 
 1.41253754e+02  6.18098968e+01 -1.46617389e+01 
 1.58489319e+02  6.17384485e+01 -1.63598879e+01 
 1.77827941e+02  6.16501403e+01 -1.82305774e+01 
 1.99526231e+02  6.15414607e+01 -2.02825340e+01 
 2.23872114e+02  6.14083983e+01 -2.25217658e+01 
 2.51188643e+02  6.12464792e+01 -2.49504429e+01 
 2.81838293e+02  6.10508608e+01 -2.75656978e+01 
 3.16227766e+02  6.08164949e+01 -3.03584762e+01 
 3.54813389e+02  6.05383648e+01 -3.33126275e+01 
 3.98107171e+02  6.02117884e+01 -3.64044640e+01 
 4.46683592e+02  5.98327624e+01 -3.96030068e+01 
 5.01187234e+02  5.93983008e+01 -4.28710584e+01 
 5.62341325e+02  5.89067161e+01 -4.61670961e+01 
 6.30957344e+02  5.83577879e+01 -4.94477938e+01 
 7.07945784e+02  5.77527858e+01 -5.26708200e+01 
 7.94328235e+02  5.70943404e+01 -5.57974825e+01 
 8.91250938e+02  5.63861910e+01 -5.87948337e+01 
 1.00000000e+03  5.56328572e+01 -6.16369922e+01 
 1.12201845e+03  5.48392917e+01 -6.43056219e+01 
 1.25892541e+03  5.40105613e+01 -6.67896710e+01 
 1.41253754e+03  5.31515889e+01 -6.90845759e+01 
 1.58489319e+03  5.22669690e+01 -7.11911605e+01 
 1.77827941e+03  5.13608545e+01 -7.31144343e+01 
 1.99526231e+03  5.04369043e+01 -7.48624400e+01 
 2.23872114e+03  4.94982764e+01 -7.64452397e+01 
 2.51188643e+03  4.85476517e+01 -7.78740792e+01 
 2.81838293e+03  4.75872760e+01 -7.91607372e+01 
 3.16227766e+03  4.66190103e+01 -8.03170416e+01 
 3.54813389e+03  4.56443842e+01 -8.13545367e+01 
 3.98107171e+03  4.46646455e+01 -8.22842205e+01 
 4.46683592e+03  4.36808072e+01 -8.31164606e+01 
 5.01187234e+03  4.26936878e+01 -8.38608813e+01 
 5.62341325e+03  4.17039466e+01 -8.45263460e+01 
 6.30957344e+03  4.07121127e+01 -8.51209506e+01 
 7.07945784e+03  3.97186102e+01 -8.56520903e+01 
 7.94328235e+03  3.87237785e+01 -8.61264425e+01 
 8.91250938e+03  3.77278880e+01 -8.65500236e+01 
 1.00000000e+04  3.67311552e+01 -8.69282810e+01 
 1.12201845e+04  3.57337520e+01 -8.72660955e+01 
 1.25892541e+04  3.47358159e+01 -8.75678574e+01 
 1.41253754e+04  3.37374560e+01 -8.78375123e+01 
 1.58489319e+04  3.27387591e+01 -8.80785838e+01 
 1.77827941e+04  3.17397945e+01 -8.82942436e+01 
 1.99526231e+04  3.07406171e+01 -8.84873239e+01 
 2.23872114e+04  2.97412706e+01 -8.86603734e+01 
 2.51188643e+04  2.87417896e+01 -8.88156750e+01 
 2.81838293e+04  2.77422019e+01 -8.89552799e+01 
 3.16227766e+04  2.67425292e+01 -8.90810391e+01 
 3.54813389e+04  2.57427892e+01 -8.91946126e+01 
 3.98107171e+04  2.47429955e+01 -8.92975074e+01 
 4.46683592e+04  2.37431591e+01 -8.93910846e+01 
 5.01187234e+04  2.27432888e+01 -8.94765860e+01 
 5.62341325e+04  2.17433915e+01 -8.95551446e+01 
 6.30957344e+04  2.07434727e+01 -8.96278020e+01 
 7.07945784e+04  1.97435366e+01 -8.96955218e+01 
 7.94328235e+04  1.87435866e+01 -8.97592021e+01 
 8.91250938e+04  1.77436255e+01 -8.98196880e+01 
 1.00000000e+05  1.67436552e+01 -8.98777824e+01 
 1.12201845e+05  1.57436775e+01 -8.99342549e+01 
 1.25892541e+05  1.47436934e+01 -8.99898549e+01 
 1.41253754e+05  1.37437038e+01 -9.00453204e+01 
 1.58489319e+05  1.27437093e+01 -9.01013877e+01 
 1.77827941e+05  1.17437101e+01 -9.01588002e+01 
 1.99526231e+05  1.07437064e+01 -9.02183201e+01 
 2.23872114e+05  9.74369783e+00 -9.02807370e+01 
 2.51188643e+05  8.74368402e+00 -9.03468790e+01 
 2.81838293e+05  7.74366422e+00 -9.04176240e+01 
 3.16227766e+05  6.74363737e+00 -9.04939104e+01 
 3.54813389e+05  5.74360205e+00 -9.05767508e+01 
 3.98107171e+05  4.74355637e+00 -9.06672443e+01 
 4.46683592e+05  3.74349791e+00 -9.07665918e+01 
 5.01187234e+05  2.74342353e+00 -9.08761111e+01 
 5.62341325e+05  1.74332929e+00 -9.09972559e+01 
 6.30957344e+05  7.43210159e-01 -9.11316333e+01 
 7.07945784e+05 -2.56940220e-01 -9.12810265e+01 
 7.94328235e+05 -1.25712986e+00 -9.14474177e+01 
 8.91250938e+05 -2.25736889e+00 -9.16330145e+01 
 1.00000000e+06 -3.25767006e+00 -9.18402794e+01 
 1.12201845e+06 -4.25804945e+00 -9.20719622e+01 
 1.25892541e+06 -5.25852735e+00 -9.23311367e+01 
 1.41253754e+06 -6.25912930e+00 -9.26212409e+01 
 1.58489319e+06 -7.25988757e+00 -9.29461231e+01 
 1.77827941e+06 -8.26084283e+00 -9.33100922e+01 
 1.99526231e+06 -9.26204638e+00 -9.37179750e+01 
 2.23872114e+06 -1.02635630e+01 -9.41751793e+01 
 2.51188643e+06 -1.12654747e+01 -9.46877651e+01 
 2.81838293e+06 -1.22678850e+01 -9.52625237e+01 
 3.16227766e+06 -1.32709250e+01 -9.59070654e+01 
 3.54813389e+06 -1.42747609e+01 -9.66299170e+01 
 3.98107171e+06 -1.52796037e+01 -9.74406290e+01 
 4.46683592e+06 -1.62857215e+01 -9.83498917e+01 
 5.01187234e+06 -1.72934556e+01 -9.93696604e+01 
 5.62341325e+06 -1.83032411e+01 -1.00513285e+02 
 6.30957344e+06 -1.93156328e+01 -1.01795636e+02 
 7.07945784e+06 -2.03313378e+01 -1.03233223e+02 
 7.94328235e+06 -2.13512542e+01 -1.04844281e+02 
 8.91250938e+06 -2.23765135e+01 -1.06648803e+02 
 1.00000000e+07 -2.34085198e+01 -1.08668535e+02 
 1.12201845e+07 -2.44489734e+01 -1.10926980e+02 
 1.25892541e+07 -2.54998738e+01 -1.13449666e+02 
 1.41253754e+07 -2.65635478e+01 -1.16265177e+02 
 1.58489319e+07 -2.76428874e+01 -1.19407218e+02 
 1.77827941e+07 -2.87420978e+01 -1.22916306e+02 
 1.99526231e+07 -2.98679582e+01 -1.26837001e+02 
 2.23872114e+07 -3.10308754e+01 -1.31207616e+02 
 2.51188643e+07 -3.22449210e+01 -1.36045233e+02 
 2.81838293e+07 -3.35268846e+01 -1.41330125e+02 
 3.16227766e+07 -3.48943848e+01 -1.46988190e+02 
 3.54813389e+07 -3.63618074e+01 -1.52871039e+02 
 3.98107171e+07 -3.79322821e+01 -1.58747559e+02 
 4.46683592e+07 -3.95863797e+01 -1.64340150e+02 
 5.01187234e+07 -4.12749092e+01 -1.69436377e+02 
 5.62341325e+07 -4.29288197e+01 -1.74040981e+02 
 6.30957344e+07 -4.44891452e+01 -1.78433495e+02 
 7.07945784e+07 -4.59346887e+01 -1.83031742e+02 
 7.94328235e+07 -4.72817833e+01 -1.88170933e+02 
 8.91250938e+07 -4.85618289e+01 -1.93991050e+02 
 1.00000000e+08 -4.98007927e+01 -2.00466513e+02 
 1.12201845e+08 -5.10116480e+01 -2.07486427e+02 
 1.25892541e+08 -5.21958158e+01 -2.14916110e+02 
 1.41253754e+08 -5.33473869e+01 -2.22627238e+02 
 1.58489319e+08 -5.44569609e+01 -2.30507490e+02 
 1.77827941e+08 -5.55143073e+01 -2.38460878e+02 
 1.99526231e+08 -5.65099738e+01 -2.46405070e+02 
 2.23872114e+08 -5.74361569e+01 -2.54268377e+02 
 2.51188643e+08 -5.82871103e+01 -2.61987350e+02 
 2.81838293e+08 -5.90592838e+01 -2.69505201e+02 
 3.16227766e+08 -5.97513097e+01 -2.76771075e+02 
 3.54813389e+08 -6.03638894e+01 -2.83740092e+02 
 3.98107171e+08 -6.08995970e+01 -2.90373949e+02 
 4.46683592e+08 -6.13626026e+01 -2.96641817e+02 
 5.01187234e+08 -6.17583239e+01 -3.02521161e+02 
 5.62341325e+08 -6.20930326e+01 -3.07998213e+02 
 6.30957344e+08 -6.23734541e+01 -3.13067896e+02 
 7.07945784e+08 -6.26063990e+01 -3.17733184e+02 
 7.94328235e+08 -6.27984597e+01 -3.22004020e+02 
 8.91250938e+08 -6.29557881e+01 -3.25895943e+02 
 1.00000000e+09 -6.30839541e+01 -3.29428637e+02 
 1.12201845e+09 -6.31878779e+01 -3.32624546e+02 
 1.25892541e+09 -6.32718183e+01 -3.35507652e+02 
 1.41253754e+09 -6.33394005e+01 -3.38102482e+02 
 1.58489319e+09 -6.33936692e+01 -3.40433332e+02 
 1.77827941e+09 -6.34371535e+01 -3.42523708e+02 
 1.99526231e+09 -6.34719354e+01 -3.44395949e+02 
 2.23872114e+09 -6.34997166e+01 -3.46070994e+02 
 2.51188643e+09 -6.35218800e+01 -3.47568255e+02 
 2.81838293e+09 -6.35395443e+01 -3.48905580e+02 
 3.16227766e+09 -6.35536107e+01 -3.50099266e+02 
 3.54813389e+09 -6.35648034e+01 -3.51164123e+02 
 3.98107171e+09 -6.35737025e+01 -3.52113541e+02 
 4.46683592e+09 -6.35807718e+01 -3.52959597e+02 
 5.01187234e+09 -6.35863814e+01 -3.53713144e+02 
 5.62341325e+09 -6.35908260e+01 -3.54383917e+02 
 6.30957344e+09 -6.35943396e+01 -3.54980630e+02 
 7.07945784e+09 -6.35971079e+01 -3.55511067e+02 
 7.94328235e+09 -6.35992773e+01 -3.55982175e+02 
 8.91250938e+09 -6.36009625e+01 -3.56400141e+02 
 1.00000000e+10 -6.36022531e+01 -3.56770466e+02 
 1.12201845e+10 -6.36032174e+01 -3.57098036e+02 
 1.25892541e+10 -6.36039068e+01 -3.57387181e+02 
 1.41253754e+10 -6.36043580e+01 -3.57641730e+02 
 1.58489319e+10 -6.36045952e+01 -3.57865063e+02 
 1.77827941e+10 -6.36046311e+01 -3.58060155e+02 
 1.99526231e+10 -6.36044681e+01 -3.58229615e+02 
 2.23872114e+10 -6.36040983e+01 -3.58375727e+02 
 2.51188643e+10 -6.36035030e+01 -3.58500481e+02 
 2.81838293e+10 -6.36026523e+01 -3.58605607e+02 
 3.16227766e+10 -6.36015035e+01 -3.58692607e+02 
 3.54813389e+10 -6.35999998e+01 -3.58762784e+02 
 3.98107171e+10 -6.35980681e+01 -3.58817280e+02 
 4.46683592e+10 -6.35956159e+01 -3.58857110e+02 
 5.01187234e+10 -6.35925296e+01 -3.58883212e+02 
 5.62341325e+10 -6.35886709e+01 -3.58896496e+02 
 6.30957344e+10 -6.35838749e+01 -3.58897916e+02 
 7.07945784e+10 -6.35779493e+01 -3.58888553e+02 
 7.94328235e+10 -6.35706755e+01 -3.58869722e+02 
 8.91250938e+10 -6.35618147e+01 -3.58843102e+02 
 1.00000000e+11 -6.35511198e+01 -3.58810892e+02 
 1.12201845e+11 -6.35383584e+01 -3.58775973e+02 
 1.25892541e+11 -6.35233490e+01 -3.58742085e+02 
 1.41253754e+11 -6.35060167e+01 -3.58713948e+02 
 1.58489319e+11 -6.34864693e+01 -3.58697304e+02 
 1.77827941e+11 -6.34650964e+01 -3.58698769e+02 
 1.99526231e+11 -6.34426837e+01 -3.58725396e+02 
 2.23872114e+11 -6.34205275e+01 -3.58783827e+02 
 2.51188643e+11 -6.34005199e+01 -3.58878949e+02 
 2.81838293e+11 -6.33851634e+01 -3.59012025e+02 
 3.16227766e+11 -6.33774632e+01 -3.59178461e+02 
 3.54813389e+11 -6.33806524e+01 -3.59365516e+02 
 3.98107171e+11 -6.33977212e+01 -3.59550485e+02 
 4.46683592e+11 -6.34307614e+01 -3.59700044e+02 
 5.01187234e+11 -6.34801852e+01 -3.59771443e+02 
 5.62341325e+11 -6.35439376e+01 -3.59716179e+02 
 6.30957344e+11 -6.36168776e+01 -3.59486464e+02 
 7.07945784e+11 -6.36905657e+01 -3.59044305e+02 
 7.94328235e+11 -6.37537187e+01 -3.58372093e+02 
 8.91250938e+11 -6.37935343e+01 -3.57482291e+02 
 1.00000000e+12 -6.37978539e+01 -3.56422671e+02 
